51 52 55 58 60 61 62 61
64 65 67 70 72 74 77 77
2 4 6 9 11 14 18
79 81 82 84 86 88 91 97
81 83 84 81 83
4 6 9 10 7 8 9 6
65 68 66 69 69
80 82 79 81 84 85 88 92
42 43 41 42 49
2 4 7 8 11 14 14 15
46 48 49 49 47
28 30 31 34 34 37 37
26 29 31 34 37 39 39 43
62 63 66 66 72
82 84 88 91 92 93 95 97
90 91 95 98 95
57 60 63 67 70 70
4 5 6 8 12 16
64 67 70 71 73 77 79 85
36 37 40 41 43 46 51 52
4 5 6 9 14 15 17 16
57 59 60 67 70 71 71
59 61 64 67 70 77 81
38 39 46 47 52
86 85 86 89 92 94 97
60 57 58 59 60 62 60
45 42 43 45 46 48 49 49
91 90 91 94 98
13 11 12 13 16 19 26
59 56 57 54 56 57
90 88 90 88 89 90 88
83 82 79 82 83 85 85
32 31 34 36 33 35 39
9 7 10 12 11 17
25 23 23 26 27 30
21 20 23 23 21
71 69 71 73 73 74 76 76
23 22 24 24 26 27 31
53 51 54 56 56 59 61 67
47 44 46 47 51 52
90 88 92 94 96 97 99 98
35 32 33 37 38 39 40 40
16 14 15 17 21 23 27
28 25 26 30 33 34 39
47 46 49 54 55
71 68 71 78 79 78
4 3 9 10 13 15 16 16
48 47 48 54 56 60
61 59 61 62 65 71 73 79
73 73 76 77 78 80
47 47 50 52 54 56 59 58
87 87 89 92 93 93
75 75 78 81 82 85 89
6 6 8 10 12 15 16 23
72 72 74 76 75 78 80 82
4 4 6 9 8 9 11 10
50 50 51 54 55 57 55 55
71 71 72 70 72 75 76 80
51 51 49 50 52 58
41 41 41 43 44
34 34 37 37 38 35
61 61 64 65 67 67 67
78 78 78 79 83
17 17 17 18 21 22 28
32 32 35 39 40 43 45
5 5 9 12 14 17 15
36 36 38 39 41 45 45
17 17 19 23 27
50 50 52 55 59 65
53 53 55 62 65
1 1 2 8 9 12 10
85 85 87 94 94
49 49 51 53 56 61 63 67
8 8 11 18 23
52 56 57 59 61
45 49 50 53 55 58 60 57
17 21 22 24 27 30 31 31
55 59 60 62 64 66 68 72
20 24 27 29 30 36
82 86 83 84 87
37 41 42 39 40 43 42
39 43 44 45 46 47 45 45
72 76 75 78 80 84
26 30 31 32 29 31 36
54 58 60 62 62 65
5 9 11 11 12 11
82 86 87 88 88 91 94 94
76 80 80 83 84 86 87 91
67 71 71 74 77 83
58 62 66 67 68 70 71 74
12 16 20 22 23 20
82 86 88 92 93 93
40 44 46 50 52 56
51 55 58 61 65 67 73
40 44 46 48 49 56 59
41 45 50 51 54 55 54
69 73 76 83 86 89 89
54 58 61 63 68 72
5 9 10 12 17 20 26
36 41 43 45 48
32 37 38 40 43 44 46 43
3 8 9 11 14 14
5 12 15 17 21
41 48 49 50 55
75 80 79 81 83 86
68 75 72 75 73
5 12 11 12 12
29 35 38 37 38 42
17 22 21 22 23 28
28 35 36 36 39
62 69 69 72 69
27 34 37 39 40 43 43 43
65 72 74 74 75 79
3 10 11 11 18
6 12 16 18 20
38 44 48 49 52 50
53 59 62 63 67 69 69
5 11 15 18 22
32 37 41 43 44 51
48 53 55 62 63
72 79 84 87 89 87
73 79 82 84 86 91 92 92
35 40 43 46 48 49 55 59
63 69 70 75 78 83
30 28 26 25 26
47 44 43 40 37 36 34 34
82 80 78 77 76 75 74 70
43 40 38 35 33 32 31 26
59 57 56 53 51 50 51 49
63 61 64 63 66
96 95 93 92 93 93
93 91 88 85 82 85 81
49 47 45 42 43 40 39 33
21 19 19 17 14
27 26 23 22 22 25
18 16 13 10 9 9 9
19 16 13 13 9
72 71 69 69 68 66 61
96 94 93 90 88 84 81
79 78 74 73 72 71 68 70
13 11 10 8 4 2 2
72 71 69 68 65 64 60 56
48 45 41 39 34
85 82 81 74 73 72
54 52 50 44 41 39 36 39
75 74 68 66 65 64 64
66 63 61 56 52
94 91 86 84 78
20 23 22 19 17 15
32 33 30 28 26 27
73 74 72 70 70
17 20 17 14 10
13 14 11 8 3
82 83 86 83 80
84 85 88 86 83 82 79 80
91 94 93 96 96
29 31 28 25 27 24 23 19
88 90 89 91 88 87 82
28 29 29 28 27
68 70 70 67 65 67
54 55 55 53 50 48 45 45
18 20 20 17 15 14 12 8
69 71 69 69 67 66 60
97 99 98 94 93 90 89 87
79 82 81 78 77 73 72 73
70 71 67 64 62 62
64 65 62 58 54
58 60 56 53 46
85 87 86 83 80 74 71
86 87 80 77 76 74 75
77 80 79 77 70 67 67
70 73 70 67 61 57
61 63 60 59 52 47
40 40 39 38 37 36
57 57 56 54 52 54
86 86 84 82 82
74 74 73 72 70 69 65
85 85 84 82 80 73
37 37 40 37 36
74 74 71 69 71 72
90 90 87 89 89
38 38 36 35 32 34 31 27
62 62 60 62 56
31 31 29 26 26 24 21
10 10 10 9 8 11
37 37 34 32 32 32
57 57 56 56 53 49
76 76 76 74 71 64
72 72 68 65 62 61 60
87 87 84 83 79 82
75 75 73 69 66 64 64
43 43 41 38 34 33 30 26
23 23 19 18 12
67 67 60 59 58 55 54
86 86 84 82 75 73 76
69 69 66 63 58 58
49 49 46 45 43 36 34 30
91 91 88 82 76
73 69 67 65 62 61
28 24 22 20 22
27 23 20 18 18
31 27 25 24 20
76 72 70 68 65 64 59
83 79 76 78 75
76 72 71 68 69 66 68
61 57 56 57 55 52 52
33 29 27 25 27 25 21
84 80 79 76 79 76 74 67
30 26 24 23 21 21 18
60 56 53 52 52 49 51
54 50 48 48 48
68 64 61 60 60 56
18 14 11 10 9 9 8 1
18 14 10 8 5
20 16 14 11 7 4 2 3
72 68 67 64 63 59 56 56
49 45 43 39 37 33
64 60 59 56 54 53 49 44
37 33 31 30 24 21 19
90 86 80 79 76 79
74 70 64 62 60 60
38 34 31 26 22
55 51 49 48 45 42 37 32
18 13 11 8 6 4 2
43 37 34 31 30 27 29
93 87 85 84 84
49 43 41 39 35
82 77 75 73 71 70 69 62
12 6 5 4 3 5 2 1
73 66 63 64 65
36 30 28 26 25 24 26 26
18 13 12 11 12 8
45 38 39 38 37 31
79 73 73 71 69 68
80 75 74 74 75
87 81 78 78 75 72 69 69
55 48 48 45 41
82 75 75 72 65
65 58 56 52 51 50 48 47
50 45 41 40 37 39
98 93 90 87 83 81 79 79
44 37 35 31 30 29 26 22
71 64 61 57 50
45 40 39 37 31 28
72 66 61 58 55 54 57
55 48 47 41 41
75 68 63 60 57 53
91 84 81 74 72 66
2 3 5 8 9 10 9
29 31 34 37 39 40 40
70 72 75 78 80 84
15 18 20 23 28
80 83 81 84 87 89 92
79 82 80 81 79
36 38 39 41 44 41 43 43
64 65 66 64 68
21 22 25 28 31 29 34
4 5 7 9 9 11
16 18 20 20 22 19
48 51 52 53 53 54 54
55 56 56 57 61
52 53 53 56 62
44 45 47 51 54 56 57 60
84 85 89 91 93 95 96 93
68 69 72 74 75 79 82 82
68 69 72 76 77 78 82
79 80 82 86 89 96
72 74 76 79 85 88
80 83 84 86 92 90
25 27 28 29 32 37 37
32 34 41 42 46
70 73 78 79 82 84 89
66 63 65 66 67
86 85 87 88 89 90 88
58 56 57 60 63 65 66 66
82 80 83 86 87 91
82 80 83 86 87 94
57 56 58 59 57 59
37 35 38 40 37 39 38
74 72 74 77 74 76 78 78
47 44 47 45 48 49 53
85 82 80 82 83 85 88 95
20 18 20 20 21 24 25
73 71 74 77 78 78 77
35 32 32 33 33
27 24 24 25 29
7 4 6 7 9 12 12 17
16 14 17 18 21 25 26 28
11 8 10 11 13 16 20 18
42 39 43 45 45
83 82 86 89 92 93 95 99
52 49 50 53 54 56 60 66
57 54 57 60 62 68 71
31 29 32 37 36
20 17 23 24 24
53 51 56 58 61 65
5 2 7 8 10 11 17
77 77 80 82 84 85 88
7 7 9 10 12 9
18 18 21 23 25 25
17 17 20 23 25 27 31
74 74 77 78 83
89 89 88 90 92 93 94
79 79 82 81 82 85 83
90 90 93 94 96 93 93
45 45 43 45 46 50
60 60 63 62 67
23 23 26 26 28
3 3 5 7 10 10 8
3 3 3 6 9 10 10
47 47 47 48 50 51 54 58
5 5 7 7 14
52 52 53 57 59 61
5 5 6 10 8
4 4 8 10 10
65 65 68 69 73 75 78 82
23 23 27 28 31 34 36 41
69 69 70 75 78 81 84 86
37 37 40 41 46 43
28 28 31 38 41 41
70 70 77 80 81 84 85 89
11 11 14 17 24 31
78 82 83 86 88
24 28 30 31 32 34 33
15 19 20 21 22 22
66 70 73 75 76 78 81 85
81 85 86 88 94
14 18 21 23 26 24 27
51 55 56 57 54 51
19 23 24 23 26 26
64 68 70 67 68 71 73 77
58 62 63 64 66 65 71
55 59 59 61 64
35 39 40 42 45 46 46 45
69 73 73 74 75 75
59 63 64 65 65 69
47 51 52 54 54 57 60 67
32 36 39 43 44
9 13 16 19 20 24 21
42 46 48 51 52 56 58 58
56 60 62 66 70
4 8 9 11 13 17 18 23
10 14 16 18 24 27
1 5 11 12 10
59 63 68 70 72 72
40 44 51 54 56 60
39 43 49 50 56
65 71 72 74 76 77 78 79
27 32 34 35 38 35
8 14 17 18 20 20
21 28 30 31 33 37
74 80 81 82 85 86 89 94
41 47 50 52 50 51 54 57
74 80 83 81 82 80
24 29 26 27 27
34 39 41 39 43
25 31 32 34 37 36 42
62 69 71 73 73 74 75 78
23 28 29 32 33 33 31
24 29 32 34 36 36 36
76 81 83 83 87
20 26 29 29 31 33 35 40
64 70 74 77 80 81 82
27 32 35 39 42 39
10 16 18 21 22 26 29 29
14 19 20 22 23 27 31
15 21 25 28 31 33 38
37 43 44 51 52
47 53 56 59 61 68 65
64 70 71 74 75 77 84 84
10 16 17 20 26 29 33
14 21 22 24 29 32 34 41
45 42 40 39 37 35 37
30 29 26 25 24 24
42 41 40 38 34
55 53 52 51 50 44
72 69 67 70 69 67 65 64
13 12 13 11 8 9
46 44 45 42 41 41
80 79 77 76 73 70 73 69
46 43 40 43 41 34
71 69 66 66 63 60
13 11 10 10 8 6 3 5
75 72 72 69 69
41 40 40 37 33
29 28 25 24 24 22 20 15
68 66 65 64 63 59 57 55
26 25 21 18 15 13 16
89 87 85 82 80 76 74 74
88 87 83 82 80 79 76 72
85 84 83 82 78 71
52 50 45 42 39
75 74 71 66 64 65
15 12 10 8 1 1
93 92 87 84 80
89 87 86 85 80 78 72
95 97 96 94 92 90 89 86
27 28 26 23 24
35 38 36 33 30 28 28
33 36 33 31 28 27 26 22
45 47 46 43 42 39 33
33 36 35 36 33
40 42 40 42 41 44
55 56 53 56 54 52 52
92 95 97 94 90
22 24 21 19 17 16 17 12
76 77 75 74 74 73
78 80 78 78 77 76 74 75
8 9 8 6 5 3 3 3
36 38 38 37 35 34 32 28
51 53 53 51 45
17 19 18 14 13 11
16 17 13 12 11 10 8 11
66 69 66 65 61 60 60
9 11 9 5 1
86 89 88 84 81 79 73
60 63 62 61 54 52 50 49
38 39 36 31 29 28 27 29
15 17 16 13 7 4 4
95 97 90 87 84 80
72 73 68 66 64 61 60 53
40 40 38 37 34
46 46 44 43 42 44
85 85 83 81 80 77 77
87 87 86 84 82 79 77 73
25 25 23 20 19 13
27 27 28 25 24 21 18
39 39 41 39 41
88 88 90 88 88
53 53 54 51 47
10 10 9 8 11 10 9 4
72 72 71 68 66 64 64 61
20 20 20 17 16 14 11 12
25 25 23 23 20 18 18
24 24 23 21 21 20 18 14
31 31 31 30 23
38 38 34 33 31
44 44 43 39 36 35 37
32 32 28 27 27
18 18 16 13 9 7 3
46 46 42 40 33
22 22 21 14 11 10 8
43 43 42 36 35 38
43 43 41 36 34 32 30 30
22 22 19 12 11 7
65 65 62 56 54 53 51 44
61 57 55 53 50 49 47
31 27 24 23 20 18 19
14 10 8 5 2 2
42 38 36 35 31
69 65 62 59 58 51
28 24 27 26 23 20 18
60 56 57 54 57
96 92 89 92 89 88 88
50 46 47 46 45 43 42 38
73 69 72 70 68 65 63 56
26 22 22 21 19 16 13
30 26 26 23 21 20 18 20
32 28 27 27 25 22 22
20 16 16 14 11 7
41 37 37 35 32 30 25
94 90 88 85 82 81 77 74
32 28 24 22 21 20 17 20
69 65 61 60 59 57 57
65 61 57 55 51
24 20 16 13 11 6
67 63 58 57 55
75 71 69 64 67
73 69 67 60 59 58 57 57
28 24 23 20 14 11 7
94 90 85 82 79 78 75 69
65 59 56 54 53 52
60 53 50 49 47 49
76 71 70 68 66 65 65
89 83 81 78 74
80 73 70 68 66 65 60
30 23 22 23 22 19
95 89 86 84 85 88
68 61 59 57 58 58
18 13 10 8 5 8 4
61 56 53 51 48 45 48 43
98 93 91 90 89 88 88 86
22 16 13 10 8 8 5 6
39 32 31 31 29 29
65 58 58 55 52 48
33 27 25 25 20
97 90 86 84 81 79
39 32 28 25 26
46 39 37 35 33 32 28 28
52 46 43 41 39 36 32 28
38 33 29 28 27 22
97 90 85 84 82 80 79 77
48 42 39 36 31 33
65 59 53 50 50
34 28 27 25 18 14
41 36 33 28 27 26 20
29 29 31 30 26
45 49 52 53 53 54 57 61
67 68 69 69 70
30 30 30 32 35
57 61 66 67 69 71 68
59 58 60 62 61
63 69 72 75 76
63 62 59 59 52
31 35 36 38 40 43
87 85 91 93 95 97 97
89 89 92 95 95
75 75 74 73 72 75 74 68
70 66 65 64 63 61 58 55
13 17 18 22 25 25
47 46 45 48 49 48
26 30 37 38 40 43 45 49
97 94 92 91 88 87 86 82
39 45 48 48 51 51
19 22 19 15 13 12 10 3
13 9 6 5 3 4
62 63 61 58 55 49 49
52 49 47 46 43 41 36 35
62 60 57 55 52 51 47 43
38 38 41 43 44 46 53
74 77 77 75 71
50 48 51 57 59 60 63 70
45 52 54 55 58 59 59
45 45 48 51 54 57 60 61
88 88 92 94 95 98
52 52 53 53 56 60
55 51 48 47 43 40 38 41
35 37 40 44 49
35 28 26 24 23 26
78 75 72 69 69 70
77 75 68 66 65 63 60 60
5 8 15 18 22
5 7 5 4 3
92 86 79 77 73
53 60 63 64 67 65
4 2 3 5 6 6
37 41 41 43 46 48 51
67 61 54 52 51 46
35 29 29 26 25 24 22 17
24 17 16 19 18 18
95 92 93 96 93 95 96 96
4 8 10 13 12 15 19
67 66 67 68 68 70 73
66 66 62 60 58 54
74 78 79 80 77
18 20 18 17 14 10
20 21 17 16 13 15
69 74 75 79 80
19 22 24 27 25
82 81 83 84 85 85 87 87
82 78 76 69 66 64 61 55
15 16 16 17 20 22 20
65 60 57 54 54
99 95 93 92 93 90 88 87
67 74 78 79 82 86
63 67 68 69 76 79 85
34 33 35 33 32 29 26 26
57 54 52 49 45 42 39 33
65 70 72 73 75 79 81 87
77 73 71 68 62 60
78 83 86 87 89 92 94 98
36 39 38 38 37 39
54 54 47 44 43 43
12 16 17 20 23 25 25 30
55 59 63 65 66 72
89 88 87 85 81 79 78 78
92 94 93 89 86
69 70 71 72 78
30 25 22 21 15 13 13
45 48 50 48 52
93 89 86 87 86 79
6 9 6 3 3
44 44 43 42 38 36 33
49 49 47 44 42 43 46
56 61 64 62 64 65 68 72
57 50 47 42 39 37
7 12 15 13 16 22
24 28 30 36 38
8 9 5 3 3
70 72 73 75 76 81 88
33 33 30 29 28 25 25 24
94 87 88 87 86
99 99 97 95 94 92 86 84
91 93 93 95 96 96
39 35 34 32 27 30
39 40 42 41 36
28 28 33 34 32
25 20 17 17 16 15 14
31 29 26 28 31
58 58 61 64 65 65 66 66
84 88 90 88 89 92 95
3 5 9 12 10
73 77 80 86 86
87 91 88 91 92 94 97 94
42 42 39 38 35 34 33 34
87 90 91 93 91 94 91
47 49 53 54 56 60
33 31 33 36 38 42
90 90 89 89 85
9 9 8 6 2
66 72 73 78 79 82 85
77 75 73 70 70 68 68
65 61 60 60 58 55 58
80 78 76 74 71 70 66 67
8 8 9 16 18
17 12 9 7 5 8 11
25 21 18 17 16 16 15 11
15 17 16 12 8
78 74 71 70 68 68
49 50 51 53 55 59
19 14 14 11 8 7 10
43 39 39 38 36 30
34 32 36 38 41 43 46 49
14 10 9 6 8 5 5
85 79 76 77 73
44 47 46 44 41 38 32 25
90 87 84 81 81
32 32 35 40 41 41
65 64 62 61 58 58 56
98 94 92 90 90 90
5 9 10 11 18
83 87 91 94 95 99
55 54 55 60 62 65 67
21 21 24 25 28 31 35
84 85 87 84 86 86
49 49 48 47 44 44 43 43
50 45 43 39 38 36 33 27
5 5 8 5 2
48 43 36 35 38
57 53 50 48 44 43 38
60 67 65 68 68
59 62 63 65 67 70
20 22 25 28 29 32
64 67 68 69 72 74
30 31 32 35 36 39
98 97 95 93 92 90
40 41 42 45 47 49
56 58 60 61 64 66 69
59 57 55 52 50 48 46
30 31 33 36 39
44 45 47 49 51 53 55
57 59 60 62 64
30 28 27 24 22 20
85 82 80 77 74
36 33 32 30 29 26 24
95 94 91 90 89 86
27 25 23 22 20 18 17 15
57 59 60 63 66 68 69 71
58 57 56 53 50 48 45
44 46 48 50 53 56
58 61 64 65 66 68
35 37 40 43 44 45 48 50
76 75 74 72 70 68
3 5 8 11 14
38 37 36 35 34 32 29
80 78 77 75 74
21 19 17 14 11
24 21 20 19 16 13 12 10
72 73 74 77 80 81 82 83
37 38 41 43 45 46 49 50
38 39 41 43 45
71 72 73 74 76 77 79
41 38 36 35 32 29 27
29 32 35 38 40 43 44 46
5 8 10 11 14 16 19 22
56 59 60 61 63 66 69 70
96 93 91 90 89 87
84 85 86 88 91
41 44 45 46 49
57 59 62 64 67 69 71 73
77 80 82 85 86 87
3 5 6 9 11
58 60 63 66 68 70 72
34 31 28 27 25 22 20
58 57 55 54 52 51 48 45
26 25 24 21 20
43 46 47 49 50 52 54
23 24 25 28 30 31
21 24 25 26 28 30 31
37 34 33 31 29 26
42 39 37 34 32 31 28 25
30 27 26 23 22 19
29 28 27 24 23 20 19 17
89 88 85 82 80
75 73 71 69 67 65 63 61
68 66 64 63 62 59
68 69 72 74 77
47 46 43 41 39 38 36 35
2 5 6 7 8 11
73 74 76 77 79 82
20 19 16 13 12 10 8
41 40 37 36 33 31 29
25 22 21 18 15 14 11 8
67 68 69 71 74 75 78 80
18 19 21 23 24 25 28 31
33 30 28 26 24 23
77 75 73 72 69 67
65 62 61 60 57 54
25 22 19 16 15
67 64 63 61 60 58
26 27 30 33 36 39
62 61 59 57 55 52 50 49
16 15 13 11 10 8 7
29 32 33 34 36
56 54 53 51 48 46 45
36 34 32 30 27
43 46 49 50 53 56
62 59 56 53 51
14 13 12 11 10 9 8
58 61 62 64 67
12 15 17 18 20 22 24
23 25 28 29 32
24 21 19 16 15 13 12 9
52 53 54 56 57 60 61 63
73 75 78 80 83 85 88 89
7 9 11 14 16
41 43 45 47 50 51
6 9 12 15 17 18 19 21
22 24 26 28 31 32 34 35
19 18 17 15 13 11
86 84 81 79 77 74 73 72
51 53 56 57 59 61
21 24 27 30 31 34 35 36
48 51 53 55 57 58
12 14 15 18 20 22 23 26
44 47 49 52 55 57
89 86 83 81 79 78 75 72
91 88 85 83 81 79 76
82 80 79 77 75 73 72
81 78 77 74 71 70 68
52 50 49 48 45 43
46 44 43 40 39 38 37
75 78 80 81 83
42 39 36 35 33 32
81 80 79 76 75 73 70 67
78 81 84 87 88 91 93
57 60 62 63 65 68 69
55 56 59 61 63 66
61 60 57 56 54 51
21 18 15 12 9 7 4
49 52 55 56 57
85 88 89 90 92 93 96
74 72 69 68 65 63 60
81 83 85 86 89 92 95
53 51 50 47 45
13 11 10 9 8
37 35 34 32 30 28 27
21 20 19 17 14 11 9
22 21 20 17 14 11 9
37 39 41 42 45
54 53 50 48 46 44 42
56 53 51 50 48 46 43
70 72 73 76 78 80
54 52 49 46 43
48 51 52 55 56 59 61 63
23 26 27 30 33 36 37
74 77 78 81 83
20 21 24 26 29 31
45 48 49 50 52 54
16 18 20 22 23 25
75 72 71 70 68 67 64
85 88 89 91 93 95 97 99
17 16 13 11 8 6 3 2
49 46 45 44 42 40
82 84 87 90 92 94 97
14 15 16 17 20
47 44 43 42 39
18 15 12 10 9
42 41 38 36 34 31
48 50 53 54 55
75 72 70 68 67 64 61
30 28 26 24 22 21
3 4 6 7 8
35 33 30 29 26 24 23 20
75 76 79 80 82
85 84 81 80 79 78 77
69 68 65 62 61 59
58 59 60 61 63 66
48 51 53 55 57
1 2 5 6 8 11 14 15
58 59 60 61 63 65 66 69
76 73 70 67 65 64 63
25 26 27 30 32 35
96 94 91 88 86 84 83
85 84 81 80 78
8 11 13 14 15
39 41 44 45 47
30 29 28 25 24 22 19 17
11 10 7 4 3
25 28 30 32 35 36
81 83 85 87 88 91 93
34 35 37 39 41
81 80 79 77 74
23 25 26 29 32 34
3 4 6 9 11
3 6 8 10 12
26 29 31 34 35 36 39 40
63 65 67 70 72 73 75 77
53 56 58 59 62 63 65 68
81 83 86 89 92 94 96
53 54 56 57 59 60
84 82 81 79 78 76 75 74
42 43 46 48 51
64 66 68 70 72 73 76
44 45 46 49 52 54
45 46 48 50 51 53
51 48 45 42 41 40 38
89 88 86 85 83
51 50 47 45 44
58 61 64 65 67
47 50 52 53 54 56 58 59
38 37 36 33 32 29
29 32 35 36 38 40 43 46
39 40 43 45 47 50
24 21 20 17 14 13 10
59 57 54 53 51 50 49
71 68 65 64 61 59 56 53
54 57 59 60 61 64 65 68
26 27 29 32 35 37
22 21 19 18 17
55 58 59 60 63 65 67
82 80 79 77 76
75 73 70 69 68
64 67 68 69 72 74 75
50 47 46 44 42
83 82 79 77 76 73 70 67
17 19 22 25 27 28
68 67 64 62 59
3 6 8 9 10
60 62 63 65 67 70 72
46 45 42 41 40
79 78 77 76 74 71 69
23 25 26 27 30 33 35 38
87 84 82 80 77
21 18 16 15 12 9 6
73 75 77 80 81 84
25 28 31 32 34
74 73 70 68 65 62 59
74 71 69 66 63 62 59
87 88 89 91 92
3 6 9 10 11 14 16
9 11 13 16 18
20 22 24 26 28 30
63 66 68 71 74 75 76 77
92 89 87 85 83 82 79
27 30 31 34 35 38
45 48 51 53 54 55 58
78 77 75 73 71 68 66 64
83 86 87 90 92 94 95 98
49 48 47 45 43 42 41
64 63 61 60 57 54
19 21 23 25 27 28
15 14 13 11 10 8
46 48 50 53 55
18 16 15 14 12 9
55 56 57 59 60 62 64 66
28 31 34 35 36 39 40
11 12 15 16 19
30 27 26 25 22
46 47 48 51 52 55
71 72 74 76 79 82 85 88
42 41 39 37 35 32 31 28
67 64 61 60 57
38 35 32 29 26
28 29 30 31 32 35 37 39
35 36 39 40 41 43 45
52 50 48 46 45 43
76 79 80 81 83 84 85
29 28 27 24 22 20
64 63 61 59 56 55
80 78 77 75 73 71
94 92 89 88 86
7 8 10 12 14 16
3 4 7 10 13 14 17
1 3 5 6 7
47 46 45 44 41 38
50 53 54 56 58 59 62
88 87 86 84 82 79
69 70 72 75 77 80 82 83
89 87 86 84 82 81
4 7 9 11 13
71 74 76 78 80 83 85
95 92 90 87 86 85
30 27 24 22 19
59 57 54 53 52
79 82 83 86 87 88 89 92
61 58 55 52 50 48 46 43
57 59 62 63 66 68 71 74
58 60 63 64 66 69
19 22 24 25 27 29 31
81 79 78 76 73 72
26 24 23 20 18 15 12
57 60 63 64 65 67 70
49 47 45 42 41 39 37
15 13 11 9 7 5
52 50 47 44 43 42 39
39 36 34 33 31
34 36 38 41 42 45 48
74 76 79 81 84 87
35 38 39 41 42 44 47 49
24 27 29 31 33 36 39
19 20 21 23 26
93 90 87 86 83
75 73 72 71 68 67 65
81 82 83 84 87 89 92
44 45 47 48 50 52 53 54
59 57 54 52 49 46 44
46 43 42 41 39
97 96 93 90 88 85 84
5 7 8 11 13
56 55 53 52 51 49 46 44
85 83 80 79 78 76
51 48 47 46 45
66 64 61 58 57 56 55
44 43 42 39 37 35 32 30
7 10 12 13 16
11 12 13 16 17 18 21 24
35 38 40 42 45 46 49
34 37 40 43 45 47 49 51
68 71 73 76 79
90 88 85 84 82 81 80 77
33 34 35 36 39 41 44
15 16 19 21 23 25 28
59 58 56 55 52 49 48 45
36 35 34 32 31 28 25 22
42 41 38 35 32 29 27
91 90 89 87 85
16 14 13 12 10 7 6
75 76 79 82 83 86
76 75 74 71 69 67
22 25 26 29 30 32 33
28 27 25 24 23 22 19
60 61 64 67 70
9 11 13 16 18 20 23
79 76 74 71 69 67 65
27 30 33 36 37 38 39
19 17 16 14 11 10 9 7
28 30 31 33 34 37 39
65 62 60 57 56
86 83 80 77 75 73 70
85 84 81 80 79 78 76
25 23 21 18 15 14 11 8
34 32 29 26 24
32 33 36 39 40 42
75 72 70 68 65 63 60
19 22 23 26 27 28 29
98 95 93 90 88 85 83 80
96 93 92 90 89
54 53 52 49 48
48 50 52 53 55 56
19 20 22 23 26
71 68 65 64 63 62
16 14 13 11 9
82 85 86 89 90 93
83 85 86 88 91
32 33 35 38 41
43 46 47 50 51
26 27 30 32 35 38 39
9 10 11 13 16 18
25 23 20 17 15 13
29 31 34 35 36 39 40
88 87 85 84 83 82 80 78
43 45 46 47 49 52
19 22 25 27 30 33 34
51 52 54 55 57 59 62 65
19 16 13 11 9 8 7 4
3 5 7 9 10 13 16
70 67 65 62 61 60 59 58
53 56 58 59 61 64 65
60 58 55 52 50 48 45 44
24 25 28 30 33 36 38
25 28 29 32 34
3 5 7 9 11 14
71 73 74 75 77
69 71 72 75 78
6 7 10 11 14 17
10 12 14 16 19 22 24
51 49 46 45 44 43 40 39
22 20 17 15 14 11
67 70 72 74 75
38 41 44 45 46 48 49 52
77 80 83 85 87
29 30 33 35 38 39
23 24 25 28 31 34 37 38
24 23 20 17 16 13 10
91 88 85 82 80
13 16 19 22 23 26 29
17 20 23 25 26 28 30 31
4 5 6 8 11 14 16
63 65 66 68 70 73 75
19 16 14 12 10 9 6 5
40 41 43 46 47 50 52 53
38 41 42 43 46
58 56 54 53 52 51 49
4 7 8 9 12 14 15 18
55 56 57 60 63 64 65 66
40 39 36 34 32 31 30 28
52 54 56 57 58 60
50 49 48 46 43 42
15 12 11 9 6 4